# oST version 5.0 parameters


[image]

width
1280

height
720

[narrow_stereo]

camera matrix
1007.544100 0.000000 687.923065
0.000000 1006.521613 376.590237
0.000000 0.000000 1.000000

distortion
0.046912 -0.088308 0.001497 0.011384 0.000000

rectification
1.000000 0.000000 0.000000
0.000000 1.000000 0.000000
0.000000 0.000000 1.000000

projection
1006.546753 0.000000 702.720595 0.000000
0.000000 1021.436035 377.186717 0.000000
0.000000 0.000000 1.000000 0.000000
